
 Energy levels

    N    J prty N_Jp    T     E(MeV)  Ex(MeV)  log-file

    1   6.0 +     1   2.0   -114.792    0.000  log_V50_gxpf1a_m0p.txt 
    2   5.0 +     1   2.0   -114.616    0.176  log_V50_gxpf1a_m0p.txt 
    3   4.0 +     1   2.0   -114.610    0.182  log_V50_gxpf1a_m0p.txt 
    4   3.0 +     1   2.0   -114.571    0.221  log_V50_gxpf1a_m0p.txt 
    5   2.0 +     1   2.0   -114.552    0.240  log_V50_gxpf1a_m0p.txt 
    6   5.0 +     2   2.0   -114.044    0.748  log_V50_gxpf1a_m0p.txt 
    7   4.0 +     2   2.0   -113.972    0.820  log_V50_gxpf1a_m0p.txt 
    8   7.0 +     1   2.0   -113.898    0.894  log_V50_gxpf1a_m0p.txt 
    9   2.0 +     2   2.0   -113.762    1.030  log_V50_gxpf1a_m0p.txt 
   10   3.0 +     2   2.0   -113.602    1.190  log_V50_gxpf1a_m0p.txt 


B(E2)  ( > -0.0 W.u.)  mass = 50    1 W.u. = 10.9 e^2 fm^4
                                           e^2 fm^4 (W.u.) 
   J_i    Ex_i     J_f    Ex_f   dE        B(E2)->         B(E2)<- 
 5.0+( 1)  0.176  6.0+( 1)  0.000  0.176    157.0( 14.3)    132.9( 12.1)
 4.0+( 1)  0.182  6.0+( 1)  0.000  0.182     44.8(  4.1)     31.0(  2.8)
 4.0+( 1)  0.182  5.0+( 1)  0.176  0.006      3.1(  0.3)      2.5(  0.2)
 3.0+( 1)  0.221  5.0+( 1)  0.176  0.045     35.0(  3.2)     22.3(  2.0)
 3.0+( 1)  0.221  4.0+( 1)  0.182  0.039    140.3( 12.8)    109.1( 10.0)
 2.0+( 1)  0.240  4.0+( 1)  0.182  0.058     60.9(  5.6)     33.9(  3.1)
 2.0+( 1)  0.240  3.0+( 1)  0.221  0.019    217.1( 19.8)    155.1( 14.2)
 5.0+( 2)  0.748  6.0+( 1)  0.000  0.748     14.3(  1.3)     12.1(  1.1)
 5.0+( 2)  0.748  5.0+( 1)  0.176  0.573      4.7(  0.4)      4.7(  0.4)
 5.0+( 2)  0.748  4.0+( 1)  0.182  0.566     93.1(  8.5)    113.8( 10.4)
 5.0+( 2)  0.748  3.0+( 1)  0.221  0.527     37.9(  3.5)     59.6(  5.4)
 4.0+( 2)  0.820  6.0+( 1)  0.000  0.820     33.3(  3.0)     23.1(  2.1)
 4.0+( 2)  0.820  5.0+( 1)  0.176  0.644      4.4(  0.4)      3.6(  0.3)
 4.0+( 2)  0.820  4.0+( 1)  0.182  0.638     10.0(  0.9)     10.0(  0.9)
 4.0+( 2)  0.820  3.0+( 1)  0.221  0.599     17.1(  1.6)     22.0(  2.0)
 4.0+( 2)  0.820  2.0+( 1)  0.240  0.579     13.1(  1.2)     23.6(  2.2)
 4.0+( 2)  0.820  5.0+( 2)  0.748  0.071      6.5(  0.6)      5.3(  0.5)
 7.0+( 1)  0.894  6.0+( 1)  0.000  0.894    110.8( 10.1)    127.8( 11.7)
 7.0+( 1)  0.894  5.0+( 1)  0.176  0.719      8.1(  0.7)     11.1(  1.0)
 7.0+( 1)  0.894  5.0+( 2)  0.748  0.146     29.6(  2.7)     40.3(  3.7)
 2.0+( 2)  1.030  4.0+( 1)  0.182  0.848     16.4(  1.5)      9.1(  0.8)
 2.0+( 2)  1.030  3.0+( 1)  0.221  0.809      4.8(  0.4)      3.4(  0.3)
 2.0+( 2)  1.030  2.0+( 1)  0.240  0.790     20.5(  1.9)     20.5(  1.9)
 2.0+( 2)  1.030  4.0+( 2)  0.820  0.211     27.2(  2.5)     15.1(  1.4)
 3.0+( 2)  1.190  5.0+( 1)  0.176  1.014      0.9(  0.1)      0.5(  0.0)
 3.0+( 2)  1.190  4.0+( 1)  0.182  1.008      0.6(  0.1)      0.4(  0.0)
 3.0+( 2)  1.190  3.0+( 1)  0.221  0.969      0.0(  0.0)      0.0(  0.0)
 3.0+( 2)  1.190  2.0+( 1)  0.240  0.950      3.2(  0.3)      4.5(  0.4)
 3.0+( 2)  1.190  5.0+( 2)  0.748  0.442      0.4(  0.0)      0.3(  0.0)
 3.0+( 2)  1.190  4.0+( 2)  0.820  0.371      0.8(  0.1)      0.6(  0.1)
 3.0+( 2)  1.190  2.0+( 2)  1.030  0.160    121.4( 11.1)    170.0( 15.5)


B(M1)  ( > -0.0 W.u.)  mass = 50    1 W.u. = 1.8 mu_N^2  
                                           mu_N^2   (W.u.) 
   J_i    Ex_i     J_f    Ex_f   dE        B(M1)->         B(M1)<- 
 5.0+( 1)  0.176  6.0+( 1)  0.000  0.176    0.979( 0.55)    0.828( 0.46)
 4.0+( 1)  0.182  5.0+( 1)  0.176  0.006    0.395( 0.22)    0.323( 0.18)
 3.0+( 1)  0.221  4.0+( 1)  0.182  0.039    3.263( 1.82)    2.538( 1.42)
 2.0+( 1)  0.240  3.0+( 1)  0.221  0.019    3.160( 1.76)    2.257( 1.26)
 5.0+( 2)  0.748  6.0+( 1)  0.000  0.748    0.690( 0.39)    0.584( 0.33)
 5.0+( 2)  0.748  5.0+( 1)  0.176  0.573    0.069( 0.04)    0.069( 0.04)
 5.0+( 2)  0.748  4.0+( 1)  0.182  0.566    1.876( 1.05)    2.293( 1.28)
 4.0+( 2)  0.820  5.0+( 1)  0.176  0.644    1.296( 0.72)    1.060( 0.59)
 4.0+( 2)  0.820  4.0+( 1)  0.182  0.638    0.092( 0.05)    0.092( 0.05)
 4.0+( 2)  0.820  3.0+( 1)  0.221  0.599    0.000( 0.00)    0.000( 0.00)
 4.0+( 2)  0.820  5.0+( 2)  0.748  0.071    0.014( 0.01)    0.011( 0.01)
 7.0+( 1)  0.894  6.0+( 1)  0.000  0.894    0.815( 0.46)    0.940( 0.53)
 2.0+( 2)  1.030  3.0+( 1)  0.221  0.809    0.502( 0.28)    0.359( 0.20)
 2.0+( 2)  1.030  2.0+( 1)  0.240  0.790    0.070( 0.04)    0.070( 0.04)
 3.0+( 2)  1.190  4.0+( 1)  0.182  1.008    0.083( 0.05)    0.064( 0.04)
 3.0+( 2)  1.190  3.0+( 1)  0.221  0.969    0.009( 0.01)    0.009( 0.01)
 3.0+( 2)  1.190  2.0+( 1)  0.240  0.950    0.030( 0.02)    0.042( 0.02)
 3.0+( 2)  1.190  4.0+( 2)  0.820  0.371    0.004( 0.00)    0.003( 0.00)
 3.0+( 2)  1.190  2.0+( 2)  1.030  0.160    0.041( 0.02)    0.058( 0.03)

